[43525,0,2]					15-0 = 15/15 =1 
[43525,27,3]				30-27 === 0
[7455,3,4]					60-3=57/15 = 3
[25545,7,5]					120-7 = 113/15 =7








15

f()

2 -> 15
3 -> 30
4-> 60
5-> 120




1235   0    2			1
7991   2    2			0
1356   27   3			0
4121   55   4			0
3801   10   5			7

tc=15

7991   2    2			0		a temps
1356   27   3			0
4121   55   4			0
1235   0    2			1		
3801   10   5			7 		a temps


7991   2    2			0		a temps
1235   0    2			1		a temps
1356   27   3			0
4121   55   4			0
3801   10   5			7 		a temps


15

7991   0    2			1 oui
7992   0    2			1 oui
7994   0    3			2 oui
7995   10   4			3 oui
7993   0    2			1 retards


[3,3,3]





